2198170
2198180
2198181
2198182
2198220
2198240
2198250
2198260
2198270
2198280
2198290
2198310
2198350
2198360
2198370
2198390
2198410
2198420
2198430
2198440
2198450
2198460
2198490
2198510
2198530
2198540
2198550
2198560
2198570
2198580
2198590
2198600
2198610
2198640
2197822
2197830
2197840
2197870
2197880
2197890
2197910
2197920
2197930
2197940
2197950
2197960
2197970
2197980
2197990
2198000
2198012
2198015
2198025
2198030
2198040
2198050
2198060
2198070
2198080
2198092
2198095
2198110
2198120
2198130
2198150
2197350
2197360
2197370
2197380
2197410
2197420
2197430
2197450
2197460
2197480
2197490
2197500
2197510
2197530
2197540
2197550
2197570
2197580
2197600
2197630
2197650
2197660
2197670
2197680
2197730
2197740
2197750
2197760
2197780
2197790
2197810
2197812
2196970
2196980
2196990
2197000
2197020
2197030
2197040
2197050
2197070
2197090
2197120
2197130
2197140
2197160
2197170
2197180
2197210
2197220
2197230
2197240
2197250
2197251
2197252
2197253
2197254
2197270
