216938
2112761
1897482
662172
2016512
660010
1941401
1360782
660130
1820332
1828741
1118314
1343832
1927051
1977312
1983382
1567401
2119422
2156011
2177061
2170321
1825161
1383152
1375021
1496152
2092072
596501
1829051
1275822
1700632
1808781
2121741
1496243
2292161
1312081
2765150
2765170
2765070
2216261
2765180
2765190
2765230
2765200
2765270
2765290
2765120
2765130
2765250
2765320
2765310
2765300
2765080
2765100
2765370
2765400
2765360
2765430
2765350
2765510
2765530
2765410
2764570
2764560
2765490
2765420
2765450
2765500
2764600
2764640
2764630
2764660
2764650
2764620
2764680
2764580
2764690
2764700
2765540
2764720
2764750
2764770
2764800
2764860
2764810
2764840
2764850
2764830
2764730
2764760
2764890
2764870
2764950
2764930
2764960
2764990
2764900
2764970
2765000
2765030
2765040
2764090
2764080
2764050
2764160
2764100
2764120
2764170
2764180
2764210
2764200
2764250
2764320
2764340
2764070
2764360
2764350
2764110
2764370
2764390
2764420
2764260
2764450
2764400
2764490
2764460
2764470
2764380
2764480
2764540
2764500
2763570
2763550
2763580
2763600
2763590
2763610
2763630
2763640
2763730
2764510
2763770
2763810
2763790
2763780
2763670
2763800
2764520
2763740
2763930
2764040
2763840
2763190
2763820
2763050
2764030
2763960
2763090
2763210
2763200
2763180
2763260
2763240
2763320
2763350
2763280
2763370
2763420
2763380
2763390
2763430
2763510
2763460
2763480
2763530
2763470
2763310
2762610
2762590
2762650
2762640
2762690
2762670
2762700
2762780
2763500
2763520
2762760
2762560
2762710
2762790
2762810
2762820
2762830
2762980
2762990
2762840
2762940
2762970
2763030
2762060
2762120
2763000
2762110
2762090
2763020
2762150
2762140
2762050
2762240
2762270
2762170
2762230
2762250
2762360
2762290
2762330
2762310
2762350
2762390
2762340
2762430
2762400
2762440
2762370
2762470
2762480
2762490
2762520
2761560
2761570
2762530
2761550
2762410
2762460
2761640
2761610
2761580
2761630
2761620
2761650
2761660
2761670
2761680
2761710
2761730
2761760
2761720
2761780
2761820
2761830
2761790
2761850
2761890
2761860
2761920
2761940
2761950
2762020
2761960
2761970
2761080
2761930
2761070
2762040
2761060
2761100
2761120
2761170
2761140
2761160
2761130
2761180
2761190
2761200
2761300
2761280
2761240
2761330
2761290
2761310
2761390
2761350
2761340
2761380
2761410
2761450
2761500
2761470
2761230
2761490
2761510
2761520
2760550
2760590
2760600
2760650
2760610
2760690
2760640
2760630
2760670
2760740
2760710
2760800
2760830
2760780
2760790
2760810
2760840
2760880
2760940
2760930
2760920
2760900
2760970
2760950
2760980
2761010
2761000
2761040
2761030
2760050
2760060
2760070
2760090
2760080
2760100
2760120
2760110
2760140
2760150
2760130
2760160
2760180
2760170
2760190
2760200
2760220
2760210
2760230
2760250
2760260
2760280
2760270
2760300
2760290
2760330
2760320
2760350
2760360
2760340
2760310
2760240
2760380
2760500
2760430
2760440
2760370
2760480
2760450
2760390
2760520
2760540
2759570
2759550
2759590
2759630
2759560
2759620
2759660
2759710
2759640
2759690
2759770
2759760
2759780
2759840
2759800
2759850
2759820
2759870
2759890
2759900
2759910
2759930
2759920
2759940
2759960
2760000
2760010
2760020
2760030
2759050
